Version 0.9.7
5
 4 10 175 77 128 0 1
 5 80 400 206 81 2 2
 0 110 110 877 276 8 3
 1 229 457 206 81 140 4
 3 126 14 203 58 150 5
 0
24
 255 5 71 189 71 189 71 189 71 137 163 137 163 137 0 1 0 3
 255 5 241 137 241 137 241 137 241 176 241 176 241 176 0 3 0 3
 255 5 449 137 449 137 449 137 449 176 449 176 449 176 0 3 0 3
 0 5 71 288 71 288 85 288 85 358 163 358 163 358 0 1 0 3
 0 5 319 358 319 358 319 358 319 319 319 319 319 319 0 3 0 3
 0 5 540 358 540 358 540 358 540 319 540 319 540 319 0 3 0 3
 8388608 5 285 468 285 432 594 432 594 189 540 189 540 215 0 4 0 3
 8388608 5 304 468 304 452 580 452 580 202 527 202 527 215 0 4 0 3
 8388608 5 323 468 323 461 567 461 567 215 514 215 514 215 0 4 0 3
 16384 5 342 468 342 448 211 448 211 292 241 292 241 280 0 4 0 3
 0 5 137 51 137 51 137 358 137 358 176 358 176 358 0 5 0 3
 255 5 244 468 244 468 176 468 176 468 176 137 176 137 0 4 0 3
 0 5 244 526 244 526 189 526 189 526 189 358 189 358 0 4 0 3
 8421376 5 254 280 254 280 254 274 475 274 475 280 475 280 0 3 0 3
 8421376 5 241 293 241 293 241 293 267 293 267 293 267 293 0 3 0 3
 8421376 5 280 293 280 293 449 293 449 293 449 280 449 280 0 3 0 3
 0 5 462 280 462 280 462 280 462 280 462 358 462 358 0 3 0 3
 16384 5 241 306 241 306 241 303 488 303 488 280 488 280 0 3 0 3
 16384 5 241 319 241 319 456 319 456 215 462 215 462 215 0 3 0 3
 16384 5 488 319 488 319 508 319 508 215 501 215 501 215 0 3 0 3
 65535 5 501 280 501 280 496 280 496 58 312 58 312 58 0 3 0 5
 65535 5 202 358 202 358 202 382 527 382 527 280 527 280 0 3 0 3
 16384 5 462 202 462 202 488 202 488 202 488 215 488 215 0 3 0 3
 0 5 475 215 475 215 475 215 475 358 475 358 475 358 0 3 0 3
2
 7004 1 14 235 228 5 0 8583336 22269216 3
 7151 1 16 443 228 5 0 8583336 22269216 3
