Version 0.9.7
5
 4 10 175 77 128 0 1
 5 80 400 206 81 2 2
 0 110 110 877 276 8 3
 1 79 441 206 81 140 4
 3 133 -3 203 58 150 5
 0
28
 255 5 71 189 71 189 71 189 71 137 163 137 163 137 0 1 0 3
 255 5 202 137 202 137 202 137 202 176 202 176 202 176 0 3 0 3
 255 5 475 137 475 137 475 137 475 176 475 176 475 176 0 3 0 3
 255 5 774 176 774 176 774 176 774 137 774 137 774 137 0 3 0 3
 0 5 71 288 71 288 73 288 73 358 163 358 163 358 0 1 0 3
 0 5 280 319 280 319 280 319 280 358 280 358 280 358 0 3 0 3
 0 5 553 319 553 319 553 319 553 358 553 358 553 358 0 3 0 3
 0 5 852 319 852 319 852 319 852 358 852 358 852 358 0 3 0 3
 8388608 5 135 452 135 452 135 256 202 256 202 280 202 280 0 4 0 3
 8388608 5 215 280 215 280 215 251 475 251 475 280 475 280 0 3 0 3
 8388608 5 501 280 501 280 501 257 774 257 774 280 774 280 0 3 0 3
 8388608 5 800 280 800 280 800 41 800 41 319 41 319 41 0 3 0 5
 8388863 5 154 452 154 452 154 249 227 249 227 280 228 280 0 4 0 3
 8388863 5 241 280 241 280 241 245 488 245 488 215 488 215 0 3 0 3
 8388863 5 514 215 514 215 514 237 826 237 826 280 826 280 0 3 0 3
 8388863 5 839 280 839 280 839 244 540 244 540 215 540 215 0 3 0 3
 8388863 5 553 215 550 215 550 253 787 253 787 280 787 280 0 3 0 3
 4259584 5 241 293 241 293 241 259 488 259 488 280 488 280 0 3 0 3
 33023 5 173 452 173 452 173 256 254 256 254 280 254 280 0 4 0 3
 33023 5 267 280 267 280 267 253 527 253 527 215 527 215 0 3 0 3
 16776960 5 192 452 192 452 192 215 192 215 215 215 215 215 0 4 0 3
 16776960 5 228 215 228 215 228 238 501 238 501 215 501 215 0 3 0 3
 8454143 5 228 293 228 293 527 293 527 293 527 280 527 280 0 3 0 3
 8454143 5 215 202 215 202 215 234 514 234 514 280 514 280 0 3 0 3
 8454143 5 540 280 540 280 540 280 813 280 813 280 813 280 0 3 0 3
 0 5 94 510 94 510 82 510 82 358 176 358 176 358 0 4 0 3
 0 5 144 34 144 34 33 34 33 358 189 358 189 358 0 5 0 3
 255 5 94 452 94 452 94 137 94 137 176 137 176 137 0 4 0 3
3
 7008 1 14 469 228 5 0 8583336 24062416 3
 7004 1 14 196 228 5 0 8583336 24062416 3
 7032 1 14 768 228 5 0 8583336 24062416 3
