Version 0.9.7
5
 4 10 175 77 128 0 1
 5 80 400 206 81 2 2
 3 130 11 203 58 8 3
 0 120 120 877 276 17 4
 1 553 465 206 81 207 7
 0
30
 255 5 71 189 71 189 71 147 71 147 173 147 173 147 0 1 0 4
 255 5 212 186 212 186 212 186 212 147 212 147 212 147 0 4 0 4
 255 5 407 186 407 186 407 186 407 147 407 147 407 147 0 4 0 4
 255 5 576 186 576 186 576 186 576 147 576 147 576 147 0 4 0 4
 255 5 732 186 732 186 732 186 732 147 732 147 732 147 0 4 0 4
 0 5 290 329 290 329 290 329 290 368 290 368 290 368 0 4 0 4
 0 5 485 329 485 329 485 329 485 368 485 368 485 368 0 4 0 4
 0 5 654 329 654 329 654 329 654 368 654 368 654 368 0 4 0 4
 0 5 810 329 810 329 810 329 810 368 810 368 810 368 0 4 0 4
 0 5 71 288 71 288 71 368 71 368 173 368 173 368 0 1 0 4
 16711680 5 609 476 609 476 609 456 212 456 212 329 212 329 0 7 0 4
 16711680 5 472 290 472 290 472 265 732 265 732 290 732 290 0 4 0 4
 16711680 5 628 476 628 476 615 476 615 476 615 329 615 329 0 7 0 4
 16711680 5 647 476 647 476 647 316 647 316 589 316 589 316 0 7 0 4
 16711680 5 666 476 666 476 666 303 666 303 576 303 576 303 0 7 0 4
 16384 5 641 316 641 316 641 316 745 316 745 316 745 316 0 4 0 4
 16384 5 212 316 212 316 212 225 212 225 433 225 433 225 0 4 0 4
 16384 5 407 225 407 225 459 225 459 225 459 303 459 303 0 4 0 4
 16384 5 589 329 589 329 420 329 420 329 420 225 420 225 0 4 0 4
 16384 5 576 316 576 316 576 316 238 316 238 316 238 316 0 4 0 4
 16384 5 225 316 225 316 225 306 628 306 628 329 628 329 0 4 0 4
 16384 5 251 290 251 290 251 309 420 309 420 290 420 290 0 4 0 4
 16384 5 433 290 433 290 433 259 771 259 771 290 771 290 0 4 0 4
 16384 5 615 290 615 290 615 310 264 310 264 290 264 290 0 4 0 4
 16384 5 277 290 277 290 277 290 407 290 407 290 407 290 0 4 0 4
 16384 5 568 534 568 534 186 534 186 534 186 368 186 368 0 7 0 4
 16384 5 568 476 568 476 186 476 186 476 186 147 186 147 0 7 0 4
 16384 5 797 290 797 290 797 55 797 55 276 55 276 55 0 4 0 3
 16384 5 141 48 141 48 141 368 141 368 199 368 199 368 0 3 0 4
 16384 5 758 329 758 329 758 329 784 329 784 329 784 329 0 4 0 4
4
 7032 1 14 726 238 5 0 8583336 21937856 4
 7021 1 14 570 238 5 0 8583336 21937856 4
 7004 1 14 206 238 5 0 8583336 21937856 4
 7008 1 14 401 238 5 0 8583336 21937856 4
